??? ?? - ????, ?? ??? ????
                                                        1    2  3    
3.1    
3.2    
3.3 1 
3.4 2 4    
4.1 3 
4.2 4 
4.3 5 
4.4 6 51 1   
5.1 7 8 

5.1.1 7 

5.1.2 8 
5.2 9 
5.3 10 
5.4 11 6    
6.1 11 
6.2 12 72 2   
7.1 13 
7.2 14 
7.3 15 
7.4 16 
7.5 17 8      
8.1 18 
8.2 19 
8.3 20 93 3   
9.1    
9.2 21 
9.3 22 
9.4 23 
9.5 24 
9.6 25 
9.7 26 10    
10.1 27     
10.2 28 
10.3 29 
10.4 30 
10.5 31     11   12  13   14  15  16      58  Afrikaans     Brezhoneg Bosanski Catal etina  Cymraeg Deutsch English Esperanto Espaol  Suomi Franais Galego   Hrvatski Magyar  Bahasa Indonesia Ido Italiano  Jawa  Latina Ltzebuergesch Lietuvi  Bahasa Melayu Nederlands Norsk bokml Occitan Polski  Portugus Romn  Srpskohrvatski    Simple English Slovenina Slovenina Shqip   srpski Svenska   Trke   Ting Vit                                          URL  QR        PDF           .         1 2    3 4 5 6 11 7 8 9 10 11     11   12 21 13 14 15 16 17    18 19 20 31 21 22 23 24 25   26 27  1  28 29 30 31  2       3              30            .     Manetho        2 30  .      .  Palermo stone   5   1  Predynasty   5   .  Turin Royal Canon      300     . 19                   .   Abydos King List   19   1  . 1  2   .   Karnak King List   3  2   .  Saqqara Tablet  1   2   2   .  South Saqqara Stone  1930    1    .  6    .                8    .                                    3         30     1790  10     350        12  .     Protodynastic Period  .               .       .                      3100                 .        .     .        14    .        Uk    1  3200  Ui     3150   3100  2  3100  Serqet .       . 1     31    2890 .       30          .    .         .   3050      .  57             .   .  10   26     .  10   20  2  2   2890   2686   1     1    .       25  29   10  14   43  45       .      .  17     17  18    2686  2181 3 6 .      .    .    .       . 3  3   2686   2613    .        2686   2668   2668   2649      .   2649   2643   2643   2637       .   2637   2613    . 4  4   2613   2500   .    3    .                .        2613   2589   2589   2566   .   2566   2558   2558   2532 2 .   2532   2504 3 .   2504   2500 5  5   2498   2345        2498   2491   2491   2477    2477   2467   2467   2460   2460   2458   2458   2422   2422   2414   2414   2375   2375   2345 6  6   2345   2181        2345   2333   2333   2332     .  1  2332   2283   2283   2278  2  2278   2184      .  2  2184  2 .   2184   2181  2    . 1 7 8  7 8   2181   2160                  .            . 7       1     40.     .  2    .           .         .      .      .     .     .     .      .     . 8             .   7    8       .        .   2 1       8  .    2 1 1 .  2 4 2      .    8     4 2 .     .         .              .     1      11  .  Demedjibtaui            . 9  9   2160   2130   .       1 9     .      .  7            420    .  2   . 421    . 422   .  3   . 423  4   . 424    . 425   .    . 426   . 10  10   2130   2040   9     .       .       5   8  6  7      .       3 11  11   2134   1991  10        1991 .       1  1  2134   2117  2  2117   2069  3  2069   2060  11       2  2060   2010  3  2010   1998  4  1997   1991 12  12   1991   1782       1  1991   1962  1  1971   1926   1 .  2  1929   1895  2  1897   1878   2 .  3  1878   1841   3 .  3  1842   1797  4  1798   1786   1785   1782    . 2 13  13   1782   1650       1  1803   1799 13 .    5   1         2     7  2   4    1775   1769   1766   1767 .   1765  4 3  .    5      3  1755   1752  1  1751   1740   1739  4  1739   1730  5  1730   1725  6  1725    1723   1714  1712   1701    1714   1691  1701   1677  23 8.  1  1691   1689  1677   1675    1675   1672  2    5 7 Seven kings  1663   14  14   1705   1690   13 .   .    14  76  .       .         75 15  15   1663   1535                .        1674     1  3.   1673 1671    30  40  1 40 40    .  2  16  16   1663   1555        .                .        17  17   1663   1570       .        1 7  2     3      1    1558   2  1558   1554   1554   1549   18  18   1570   1293     .       1     1  1541   1520  1  1520   1492  2  1492   1479  3  1479   1425              .   1473   1458  .   .  2  1425   1400  4  1400   1390  3  1390   1352       3    4  1352   1334      .   1334   1333 .      . 2      1333   1324        .    1324   1320      .   1320   1292    . 19  19   1293   1185       1  1293   1291  1  1291   1278  2  1279   1213  1275     1258  .       .   1213   1203   1203   1200  2  1203   1197   1197   1191   1191   1190     2 . 20  20   1185   1069        1186   1183  3  1183   1152  4  1152   1146  5  1146   1142  6  1142   1134  7  1134   1126  8  1126   1124  9  1124   1106  10  1106   1102  11  1102   1069 3     1080  945     Theban High Priests of Amun  11    .          .         1    2  2  3 21  2   . 21     21          .  1069   945       1  1077   1051   1051   1047  1  1047   1001   1001   992    992   986   967   943  2  967   943 22    945   715 .       1  945   924    .  1  924   889  2  890   889  1  889   874  2  874   834  3  834   795  4  795   782   782   776  5  776   740  4  740   720 23        .  818   715        880   860  1  2       2  840   815   829   804  6  804   798  3  798   769  3  774   759   759   755            24           .        732   725   725   720     25    747     25   656 .        752   721   721   707   707   690   690   664   664   656 26   .    .  664   525       1  1  665   664  1  1  664   610  2  2  610   595        2  2  595   589    589   570  2   570   526  3  3  526   525  27         2   2  .  525       404   .       27.       2  525   521  1   521   486  1   486   465  1   464   424  2  2 28        404   399  3  29   399   380.       .       1  398   393   393   393   380  2  380 30 30 29   380  343  .        1  380   362   362   360   2  360   343 31          .   343   332. 31     .       3  343   338     .  4   338   336   .  3   335   332     .            .  332   305 311       1    332   323    323   317  2  317   309  311   1     309   .               .  305  30 .   32  .       1   305   285  1    285  1 .  2   288   246  1 .  1  2 .  2  2 .  3  246   222  2  4  3  5  1  6  2  7  8  3  9  4  10  11  12  5  6  4  7  13  4  14  15     7       .                            .                  .       Sumer              Peter A. Clayton        2004 Nicolas Grimal  A History Of Ancient Egypt Blackwell 1994 v t e           1    2                 2    2  1  1  3  3     1   3  3        1  1  2  3     1   1  2  1  7  13                         v t e                                                               httpsko.wikipedia.orgwindex.phptitleoldid36994042                P373     P244     P8189   J
9 U     LCCN       2024 5 8  2356  .      
4.0          .     . Wikipedia       Wikimedia Foundation Inc.   .                 